 Расчетная матрица:
  12.0  -5.0  -8.0  -5.0   8.0   1.0   3.0   0.0
  -5.0   0.0  -5.0  -5.0  -1.0  -6.0   4.0   6.0
  -8.0  -5.0  17.0   5.0  -2.0   4.0  -1.0  -4.0
  -5.0  -5.0   5.0  15.0  -5.0   7.0   2.0   6.0
   8.0  -1.0  -2.0  -5.0  -3.0  -6.0  -4.0  -3.0
   1.0  -6.0   4.0   7.0  -6.0  15.0  -8.0  -5.0
   3.0   4.0  -1.0   2.0  -4.0  -8.0  -5.0   5.0
   0.0   6.0  -4.0   6.0  -3.0  -5.0   5.0   1.0

P = 1.000000
 Обратная матрица: 
  0.1000E+01  0.1000E+01  0.1000E+01 -0.1000E+01 -0.1000E+01  0.1000E+01  0.1000E+01  0.1000E+01
  0.1000E+01  0.1056E+01  0.1042E+01 -0.1133E+01 -0.1172E+01  0.1076E+01  0.1082E+01  0.1084E+01
  0.1000E+01  0.1042E+01  0.1077E+01 -0.1045E+01 -0.1065E+01  0.1012E+01  0.1037E+01  0.1003E+01
 -0.1000E+01 -0.1133E+01 -0.1045E+01  0.1095E+01  0.1070E+01 -0.1066E+01 -0.1013E+01 -0.1004E+01
 -0.1000E+01 -0.1172E+01 -0.1065E+01  0.1070E+01  0.1018E+01 -0.1120E+01 -0.1019E+01 -0.1101E+01
  0.1000E+01  0.1076E+01  0.1012E+01 -0.1066E+01 -0.1120E+01  0.1086E+01  0.1007E+01  0.1016E+01
  0.1000E+01  0.1082E+01  0.1037E+01 -0.1013E+01 -0.1019E+01  0.1007E+01  0.9282E+00  0.1071E+01
  0.1000E+01  0.1084E+01  0.1003E+01 -0.1004E+01 -0.1101E+01  0.1016E+01  0.1071E+01  0.9507E+00
 Матрица невязки: 
 -0.00000119  0.00000048  0.00000191 -0.00000191  0.00000143 -0.00000048 -0.00000238 -0.00000131
  0.00000000  0.00000048  0.00000238 -0.00000048  0.00000072  0.00000191 -0.00000286 -0.00000310
 -0.00000095  0.00000000  0.00000048 -0.00000381  0.00000048 -0.00000048 -0.00000191 -0.00000095
  0.00000000  0.00000095 -0.00000238  0.00000095  0.00000000 -0.00000191  0.00000238  0.00000107
  0.00000048  0.00000048 -0.00000238 -0.00000191 -0.00000048 -0.00000095  0.00000238  0.00000012
 -0.00000024 -0.00000095  0.00000286  0.00000095 -0.00000143  0.00000191 -0.00000191 -0.00000048
  0.00000048  0.00000000 -0.00000095 -0.00000381  0.00000024 -0.00000095 -0.00000095 -0.00000048
  0.00000048 -0.00000095 -0.00000024  0.00000048 -0.00000024  0.00000000 -0.00000048  0.00000054
COND =  0.43369E+03
RN = 0.15259E-04
COND / RN = 0.28422E+08

P = 0.100000
 Обратная матрица: 
  0.1000E+02  0.1000E+02  0.1000E+02 -0.1000E+02 -0.1000E+02  0.1000E+02  0.1000E+02  0.1000E+02
  0.1000E+02  0.1006E+02  0.1004E+02 -0.1013E+02 -0.1017E+02  0.1008E+02  0.1008E+02  0.1008E+02
  0.1000E+02  0.1004E+02  0.1008E+02 -0.1004E+02 -0.1007E+02  0.1001E+02  0.1004E+02  0.1000E+02
 -0.1000E+02 -0.1013E+02 -0.1004E+02  0.1009E+02  0.1007E+02 -0.1007E+02 -0.1001E+02 -0.1000E+02
 -0.1000E+02 -0.1017E+02 -0.1007E+02  0.1007E+02  0.1002E+02 -0.1012E+02 -0.1002E+02 -0.1010E+02
  0.1000E+02  0.1008E+02  0.1001E+02 -0.1007E+02 -0.1012E+02  0.1009E+02  0.1001E+02  0.1002E+02
  0.1000E+02  0.1008E+02  0.1004E+02 -0.1001E+02 -0.1002E+02  0.1001E+02  0.9928E+01  0.1007E+02
  0.1000E+02  0.1008E+02  0.1000E+02 -0.1000E+02 -0.1010E+02  0.1002E+02  0.1007E+02  0.9951E+01
 Матрица невязки: 
 -0.00001144 -0.00001144  0.00000000 -0.00000763 -0.00000572  0.00001526 -0.00002289  0.00002480
 -0.00000191 -0.00002289  0.00000381  0.00001144 -0.00001526  0.00001526 -0.00000763  0.00002575
 -0.00000572 -0.00001526  0.00000381 -0.00000381  0.00000000  0.00002289 -0.00000763  0.00002003
  0.00000000  0.00001144  0.00001526  0.00000000  0.00000763 -0.00001144  0.00000381 -0.00002766
 -0.00000954  0.00000000  0.00002289  0.00000381  0.00000381  0.00001907 -0.00000381 -0.00003815
  0.00000000 -0.00001144 -0.00000763  0.00000763 -0.00001144  0.00000763 -0.00001144  0.00001907
  0.00001526 -0.00000381 -0.00001907  0.00003052 -0.00001144  0.00000763 -0.00000381  0.00002956
  0.00000572 -0.00001526 -0.00003052 -0.00001144 -0.00000572  0.00000000 -0.00000381  0.00002861
COND =  0.41774E+04
RN = 0.21362E-03
COND / RN = 0.19555E+08

P = 0.010000
 Обратная матрица: 
  0.1000E+03  0.1000E+03  0.1000E+03 -0.1000E+03 -0.1000E+03  0.1000E+03  0.1000E+03  0.1000E+03
  0.1000E+03  0.1001E+03  0.1000E+03 -0.1001E+03 -0.1002E+03  0.1001E+03  0.1001E+03  0.1001E+03
  0.1000E+03  0.1000E+03  0.1001E+03 -0.1001E+03 -0.1001E+03  0.1000E+03  0.1000E+03  0.1000E+03
 -0.1000E+03 -0.1001E+03 -0.1001E+03  0.1001E+03  0.1001E+03 -0.1001E+03 -0.1000E+03 -0.1000E+03
 -0.1000E+03 -0.1002E+03 -0.1001E+03  0.1001E+03  0.1000E+03 -0.1001E+03 -0.1000E+03 -0.1001E+03
  0.1000E+03  0.1001E+03  0.1000E+03 -0.1001E+03 -0.1001E+03  0.1001E+03  0.1000E+03  0.1000E+03
  0.1000E+03  0.1001E+03  0.1000E+03 -0.1000E+03 -0.1000E+03  0.1000E+03  0.9994E+02  0.1001E+03
  0.1000E+03  0.1001E+03  0.1000E+03 -0.1000E+03 -0.1001E+03  0.1000E+03  0.1001E+03  0.9996E+02
 Матрица невязки: 
  0.00000000  0.00006104  0.00021362  0.00012207 -0.00033569  0.00003052 -0.00021362 -0.00011444
  0.00027466  0.00000000  0.00000000  0.00030518 -0.00021362 -0.00024414 -0.00027466 -0.00009155
  0.00009155 -0.00012207  0.00021362  0.00018311 -0.00033569  0.00000000 -0.00021362 -0.00012970
  0.00000000  0.00000000  0.00015259 -0.00024414  0.00027466  0.00000000  0.00009155  0.00001526
  0.00000000  0.00000000  0.00009155 -0.00006104  0.00027466  0.00000000  0.00000000  0.00001526
 -0.00006104  0.00006104 -0.00012207  0.00012207 -0.00030518  0.00006104 -0.00006104  0.00000000
  0.00000000  0.00000000 -0.00009155  0.00006104 -0.00018311  0.00000000 -0.00006104 -0.00001526
  0.00000000  0.00000000 -0.00015259  0.00000000 -0.00003052  0.00006104  0.00000000  0.00002289
COND =  0.41621E+05
RN = 0.19531E-02
COND / RN = 0.21310E+08

P = 0.001000
 Обратная матрица: 
  0.9986E+03  0.9986E+03  0.9986E+03 -0.9986E+03 -0.9986E+03  0.9986E+03  0.9986E+03  0.9986E+03
  0.9986E+03  0.9986E+03  0.9986E+03 -0.9987E+03 -0.9987E+03  0.9986E+03  0.9987E+03  0.9987E+03
  0.9986E+03  0.9986E+03  0.9986E+03 -0.9986E+03 -0.9986E+03  0.9986E+03  0.9986E+03  0.9986E+03
 -0.9986E+03 -0.9987E+03 -0.9986E+03  0.9987E+03  0.9986E+03 -0.9986E+03 -0.9986E+03 -0.9986E+03
 -0.9986E+03 -0.9987E+03 -0.9986E+03  0.9986E+03  0.9986E+03 -0.9987E+03 -0.9986E+03 -0.9987E+03
  0.9986E+03  0.9986E+03  0.9986E+03 -0.9986E+03 -0.9987E+03  0.9987E+03  0.9986E+03  0.9986E+03
  0.9986E+03  0.9987E+03  0.9986E+03 -0.9986E+03 -0.9986E+03  0.9986E+03  0.9985E+03  0.9986E+03
  0.9986E+03  0.9987E+03  0.9986E+03 -0.9986E+03 -0.9987E+03  0.9986E+03  0.9986E+03  0.9985E+03
 Матрица невязки: 
  0.00122070  0.00097656  0.00097656 -0.00097656  0.00073242  0.00000000 -0.00195312 -0.00195312
  0.00146484 -0.00048828  0.00415039  0.00097656  0.00048828  0.00048828 -0.00244141 -0.00225830
  0.00073242  0.00048828  0.00146484  0.00097656 -0.00122070  0.00097656 -0.00146484 -0.00219727
 -0.00122070  0.00097656 -0.00097656 -0.00048828 -0.00024414 -0.00292969  0.00146484  0.00177002
  0.00000000 -0.00048828 -0.00073242  0.00195312  0.00048828 -0.00244141  0.00097656  0.00115967
  0.00146484 -0.00048828  0.00048828 -0.00244141 -0.00024414  0.00097656 -0.00146484 -0.00250244
  0.00122070  0.00195312  0.00097656  0.00048828  0.00097656  0.00097656 -0.00146484 -0.00183105
  0.00170898  0.00097656 -0.00024414 -0.00048828  0.00097656  0.00048828 -0.00097656 -0.00183105
COND =  0.41542E+06
RN = 0.15503E-01
COND / RN = 0.26796E+08

P = 0.000100
 Обратная матрица: 
  0.1028E+05  0.1028E+05  0.1028E+05 -0.1028E+05 -0.1028E+05  0.1028E+05  0.1028E+05  0.1028E+05
  0.1028E+05  0.1028E+05  0.1028E+05 -0.1028E+05 -0.1028E+05  0.1028E+05  0.1028E+05  0.1028E+05
  0.1028E+05  0.1028E+05  0.1028E+05 -0.1028E+05 -0.1028E+05  0.1028E+05  0.1028E+05  0.1028E+05
 -0.1028E+05 -0.1028E+05 -0.1028E+05  0.1028E+05  0.1028E+05 -0.1028E+05 -0.1028E+05 -0.1028E+05
 -0.1028E+05 -0.1028E+05 -0.1028E+05  0.1028E+05  0.1028E+05 -0.1028E+05 -0.1028E+05 -0.1028E+05
  0.1028E+05  0.1028E+05  0.1028E+05 -0.1028E+05 -0.1028E+05  0.1028E+05  0.1028E+05  0.1028E+05
  0.1028E+05  0.1028E+05  0.1028E+05 -0.1028E+05 -0.1028E+05  0.1028E+05  0.1028E+05  0.1028E+05
  0.1028E+05  0.1028E+05  0.1028E+05 -0.1028E+05 -0.1028E+05  0.1028E+05  0.1028E+05  0.1028E+05
 Матрица невязки: 
 -0.03320312 -0.01171875  0.09765625  0.00000000  0.00781250  0.01953125 -0.02343750 -0.05175781
 -0.01953125  0.00000000  0.07031250  0.01171875  0.00976562  0.00000000 -0.03125000 -0.02539062
 -0.02929688 -0.01171875  0.07421875  0.02343750  0.00781250 -0.01171875 -0.01171875 -0.02734375
  0.00000000  0.00000000 -0.05468750 -0.01171875  0.00390625  0.00390625  0.01171875  0.03125000
 -0.00781250  0.01171875 -0.03906250  0.00000000 -0.00390625  0.00781250  0.00390625  0.04296875
  0.00195312 -0.00781250  0.05468750  0.00000000  0.00781250 -0.02343750 -0.00781250 -0.03515625
  0.00390625 -0.01171875  0.03125000  0.00000000  0.01562500 -0.01171875 -0.01171875 -0.03027344
 -0.00585938 -0.01562500  0.03906250  0.00390625 -0.00976562  0.00781250 -0.02734375 -0.02539062
COND =  0.42765E+07
RN = 0.46094E+00
COND / RN = 0.92779E+07

P = 0.000010
 Матрица классифицируется как вырожденная
